game.Players.LocalPlayer.Character.HumanoidRootPart.CFrame = CFrame.new(0.938401163, 13.6423292, -40.2204628, 0.455279052, 1.49306096e-08, -0.890348792, -1.28028148e-08, 1, 1.02226858e-08, 0.890348792, 6.74479628e-09, 0.455279052)
wait(1) 
game.Players.LocalPlayer.Character.HumanoidRootPart.CFrame = CFrame.new(-0.353448182, 33.6423225, -73.6192551, 0.993392646, -4.16261337e-08, -0.114765033, 4.60436667e-08, 1, 3.58411185e-08, 0.114765033, -4.0888505e-08, 0.993392646)
wait(1) 
game.Players.LocalPlayer.Character.HumanoidRootPart.CFrame = CFrame.new(-21.789711, 48.6423225, -80.3670731, -0.970996559, -6.04699508e-08, -0.239093557, -5.54749775e-08, 1, -2.76207395e-08, 0.239093557, -1.35559324e-08, -0.970996559)
wait(1) 
game.Players.LocalPlayer.Character.HumanoidRootPart.CFrame = CFrame.new(-23.1005974, 48.6374817, -128.223114, 0.728850305, 0.000832164253, -0.684672594, 0.000348073634, 0.999998689, 0.00158595026, 0.684673011, -0.00139423681, 0.728849053)
wait(1) 
game.Players.LocalPlayer.Character.HumanoidRootPart.CFrame = CFrame.new(-22.2052288, 71.6423111, -139.474594, 0.880113661, -6.56053984e-08, 0.474763036, 4.74839545e-08, 1, 5.01600219e-08, -0.474763036, -2.16028937e-08, 0.880113661)
